650 without_current 1
2.5 0 0	2.43867 0.239713 0.0243875
2.43867 0.239713 0.0243875	2.2697 0.420735 0.0454
2.2697 0.420735 0.0454	2.03445 0.498747 0.0610519
2.03445 0.498747 0.0610519	1.79049 0.454649 0.071658
1.79049 0.454649 0.071658	1.59743 0.299236 0.0799381
1.59743 0.299236 0.0799381	1.5023 0.07056 0.0902461
1.5023 0.07056 0.0902461	1.52802 -0.175392 0.107136
1.52802 -0.175392 0.107136	1.66783 -0.378401 0.133712
1.66783 -0.378401 0.133712	1.88693 -0.488765 0.170284
1.88693 -0.488765 0.170284	2.13113 -0.479462 0.213826
2.13113 -0.479462 0.213826	2.34011 -0.35277 0.258455
2.34011 -0.35277 0.258455	2.46225 -0.139708 0.296896
2.46225 -0.139708 0.296896	2.4673 0.10756 0.322568
2.4673 0.10756 0.322568	2.3537 0.328493 0.331687
2.3537 0.328493 0.331687	2.14891 0.469 0.324777
2.14891 0.469 0.324777	1.90263 0.494679 0.307046
1.90263 0.494679 0.307046	1.6745 0.399244 0.28744
1.6745 0.399244 0.28744	1.51948 0.206059 0.2765
1.51948 0.206059 0.2765	1.47439 -0.0375756 0.283555
1.47439 -0.0375756 0.283555	1.54896 -0.272011 0.31399
1.54896 -0.272011 0.31399	1.72352 -0.439848 0.367355
1.72352 -0.439848 0.367355	1.95395 -0.499995 0.436942
1.95395 -0.499995 0.436942	2.18262 -0.437726 0.511046
2.18262 -0.437726 0.511046	2.35251 -0.268286 0.575698
2.35251 -0.268286 0.575698	2.42121 -0.0331609 0.618238
2.42121 -0.0331609 0.618238	2.37125 0.210084 0.630805
2.37125 0.210084 0.630805	2.21423 0.401892 0.612805
2.21423 0.401892 0.612805	1.98782 0.495304 0.571605
1.98782 0.495304 0.571605	1.74644 0.467448 0.521159
1.74644 0.467448 0.521159	1.54779 0.325144 0.478789
1.54779 0.325144 0.478789	1.43876 0.103234 0.460874
1.43876 0.103234 0.460874	1.44395 -0.143952 0.478509
1.44395 -0.143952 0.478509	1.55984 -0.355893 0.534283
1.55984 -0.355893 0.534283	1.7558 -0.480699 0.621092
1.7558 -0.480699 0.621092	1.98181 -0.487813 0.723418
1.98181 -0.487813 0.723418	2.18079 -0.375494 0.820855
2.18079 -0.375494 0.820855	2.30263 -0.17124 0.893104
2.30263 -0.17124 0.893104	2.31642 0.0749386 0.925206
2.31642 0.0749386 0.925206	2.21785 0.30277 0.911657
2.21785 0.30277 0.911657	2.03006 0.456473 0.858294
2.03006 0.456473 0.858294	1.79776 0.498415 0.781361
1.79776 0.498415 0.781361	1.57612 0.418328 0.70385
1.57612 0.418328 0.70385	1.41717 0.23582 0.649945
1.41717 0.23582 0.649945	1.35715 -0.00442565 0.638918
1.35715 -0.00442565 0.638918	1.40771 -0.243587 0.680002
1.40771 -0.243587 0.680002	1.55338 -0.42311 0.769621
1.55338 -0.42311 0.769621	1.75554 -0.499041 0.891755
1.75554 -0.499041 0.891755	1.96211 -0.452789 1.0215
1.96211 -0.452789 1.0215	2.12043 -0.295679 1.13101
2.12043 -0.295679 1.13101	2.1901 -0.0661759 1.19646
2.1901 -0.0661759 1.19646	2.15276 0.179529 1.20417
2.15276 0.179529 1.20417	2.01634 0.381279 1.15448
2.01634 0.381279 1.15448	1.81282 0.489679 1.06216
1.81282 0.489679 1.06216	1.59013 0.478188 0.953172
1.59013 0.478188 0.953172	1.40032 0.34962 0.858543
1.40032 0.34962 0.858543	1.28672 0.135453 0.806711
1.28672 0.135453 0.806711	1.27352 -0.111878 0.816289
1.27352 -0.111878 0.816289	1.36006 -0.331817 0.891071
1.36006 -0.331817 0.891071	1.52132 -0.470516 1.01861
1.52132 -0.470516 1.01861	1.71433 -0.494016 1.17283
1.71433 -0.494016 1.17283	1.8889 -0.396564 1.32019
1.8889 -0.396564 1.32019	2 -0.202019 1.42782
2 -0.202019 1.42782	2.01864 0.0419872 1.47182
2.01864 0.0419872 1.47182	1.93876 0.275713 1.44349
1.93876 0.275713 1.44349	1.77834 0.441935 1.35191
1.77834 0.441935 1.35191	1.57474 0.499956 1.22216
1.57474 0.499956 1.22216	1.3752 0.43557 1.08951
1.3752 0.43557 1.08951	1.22523 0.264541 0.990799
1.22523 0.264541 0.990799	1.15751 0.0287437 0.955332
1.15751 0.0287437 0.955332	1.18409 -0.214091 0.997348
1.18409 -0.214091 0.997348	1.29385 -0.404509 1.1121
1.29385 -0.404509 1.1121	1.45551 -0.495889 1.27658
1.45551 -0.495889 1.27658	1.62567 -0.465858 1.45484
1.62567 -0.465858 1.45484	1.75955 -0.321769 1.60663
1.75955 -0.321769 1.60663	1.82199 -0.0988994 1.69736
1.82199 -0.0988994 1.69736	1.79581 0.148184 1.70683
1.79581 0.148184 1.70683	1.68568 0.358987 1.63455
1.68568 0.358987 1.63455	1.51661 0.481898 1.50032
1.51661 0.481898 1.50032	1.32743 0.486823 1.3397
1.32743 0.486823 1.3397	1.16108 0.372557 1.1955
1.16108 0.372557 1.1955	1.05406 0.167076 1.10725
1.05406 0.167076 1.10725	1.02765 -0.0793113 1.10135
1.02765 -0.0793113 1.10135	1.08303 -0.30628 1.18422
1.08303 -0.30628 1.18422	1.20144 -0.458261 1.34036
1.20144 -0.458261 1.34036	1.34913 -0.498043 1.53576
1.34913 -0.498043 1.53576	1.48596 -0.415887 1.72603
1.48596 -0.415887 1.72603	1.57529 -0.231908 1.86723
1.57529 -0.231908 1.86723	1.59283 0.00885096 1.92679
1.59283 0.00885096 1.92679	1.53229 0.247443 1.89176
1.53229 0.247443 1.89176	1.40649 0.425452 1.7724
1.40649 0.425452 1.7724	1.24378 0.499295 1.59996
1.24378 0.499295 1.59996	1.08073 0.450894 1.41928
1.08073 0.450894 1.41928	0.953063 0.292098 1.27794
0.953063 0.292098 1.27794	0.886942 0.0617866 1.21443
0.886942 0.0617866 1.21443	0.892854 -0.183653 1.24855
0.892854 -0.183653 1.24855	0.963472 -0.384127 1.37618
0.963472 -0.384127 1.37618	1.07592 -0.490554 1.56998
1.07592 -0.490554 1.56998	1.19776 -0.476876 1.78582
1.19776 -0.476876 1.78582	1.2952 -0.346442 1.97346
1.2952 -0.346442 1.97346	1.34129 -0.131187 2.08894
1.34129 -0.131187 2.08894	1.32237 0.116187 2.10549
1.32237 0.116187 2.10549	1.24094 0.335115 2.02041
1.24094 0.335115 2.02041	1.11458 0.471995 1.85604
1.11458 0.471995 1.85604	0.971186 0.493314 1.65453
0.971186 0.493314 1.65453	0.841877 0.393853 1.46766
0.841877 0.393853 1.46766	0.753283 0.197963 1.34418
0.753283 0.197963 1.34418	0.721222 -0.0463956 1.31769
0.721222 -0.0463956 1.31769	0.747218 -0.279395 1.39821
0.747218 -0.279395 1.39821	0.818625 -0.443988 1.56938
0.818625 -0.443988 1.56938	0.912211 -0.499878 1.79227
0.912211 -0.499878 1.79227	1.00021 -0.43338 2.01475
1.00021 -0.43338 2.01475	1.05723 -0.260776 2.18419
1.05723 -0.260776 2.18419	1.0664 -0.0243243 2.2605
1.0664 -0.0243243 2.2605	1.02308 0.218082 2.22609
1.02308 0.218082 2.22609	0.935559 0.407095 2.0905
0.935559 0.407095 2.0905	0.822476 0.496436 1.88824
0.822476 0.496436 1.88824	0.707849 0.464233 1.67051
0.707849 0.464233 1.67051	0.614988 0.318369 1.49274
0.614988 0.318369 1.49274	0.560843 0.0945573 1.40093
0.560843 0.0945573 1.40093	0.552158 -0.152405 1.42024
0.552158 -0.152405 1.42024	0.584302 -0.362054 1.54859
0.584302 -0.362054 1.54859	0.642944 -0.483059 1.75701
0.642944 -0.483059 1.75701	0.708028 -0.485794 1.99651
0.708028 -0.485794 1.99651	0.758969 -0.36959 2.21006
0.758969 -0.36959 2.21006	0.779704 -0.162898 2.34657
0.779704 -0.162898 2.34657	0.762386 0.0836779 2.37351
0.762386 0.0836779 2.37351	0.708848 0.309766 2.28506
0.708848 0.309766 2.28506	0.629606 0.460013 2.10373
0.629606 0.460013 2.10373	0.540774 0.497633 1.87498
0.540774 0.497633 1.87498	0.45977 0.413414 1.65614
0.45977 0.413414 1.65614	0.400956 0.227978 1.50242
0.400956 0.227978 1.50242	0.372307 -0.0132756 1.45324
0.372307 -0.0132756 1.45324	0.373866 -0.251279 1.5225
0.373866 -0.251279 1.5225	0.398285 -0.42776 1.69495
0.398285 -0.42776 1.69495	0.43317 -0.499511 1.92987
0.43317 -0.499511 1.92987	0.464525 -0.448964 2.17093
0.464525 -0.448964 2.17093	0.48035 -0.288495 2.35999
0.48035 -0.288495 2.35999	0.473475 -0.0573924 2.45139
0.473475 -0.0573924 2.45139	0.442952 0.187762 2.42325
0.442952 0.187762 2.42325	0.393756 0.386945 2.28295
0.393756 0.386945 2.28295	0.335 0.491391 2.06539
0.335 0.491391 2.06539	0.277239 0.475527 1.82455
0.277239 0.475527 1.82455	0.229642 0.343238 1.62023
0.229642 0.343238 1.62023	0.197771 0.126912 1.50342
0.197771 0.126912 1.50342	0.18253 -0.120487 1.5037
0.18253 -0.120487 1.5037	0.180439 -0.338386 1.6219
0.180439 -0.338386 1.6219	0.18507 -0.473436 1.82986
0.18507 -0.473436 1.82986	0.189128 -0.492573 2.07727
0.189128 -0.492573 2.07727	0.186558 -0.391111 2.30396
0.186558 -0.391111 2.30396	0.174075 -0.193891 2.45471
0.174075 -0.193891 2.45471	0.15174 0.0508003 2.4928
0.15174 0.0508003 2.4928	0.122476 0.283054 2.40905
0.122476 0.283054 2.40905	0.0907877 0.446006 2.22415
0.0907877 0.446006 2.22415	0.061106 0.49976 1.98357
0.061106 0.49976 1.98357	0.0363246 0.431156 1.74643
0.0363246 0.431156 1.74643	0.0169618 0.256989 1.57101
0.0169618 0.256989 1.57101	0.00119481 0.0199029 1.5004
0.00119481 0.0199029 1.5004	-0.014284 -0.222056 1.55195
-0.014284 -0.222056 1.55195	-0.0328999 -0.409648 1.713
-0.0328999 -0.409648 1.713	-0.0567874 -0.496944 1.94398
-0.0567874 -0.496944 1.94398	-0.0858266 -0.462571 2.18813
-0.0858266 -0.462571 2.18813	-0.117468 -0.314944 2.38545
-0.117468 -0.314944 2.38545	-0.147437 -0.0902078 2.48743
-0.147437 -0.0902078 2.48743	-0.171131 0.156614 2.46892
-0.171131 0.156614 2.46892	-0.185271 0.365092 2.33428
-0.185271 0.365092 2.33428	-0.189286 0.484182 2.11632
-0.189286 0.484182 2.11632	-0.185936 0.484728 1.86814
-0.185936 0.484728 1.86814	-0.180917 0.366595 1.6501
-0.180917 0.366595 1.6501	-0.181457 0.158707 1.51503
-0.181457 0.158707 1.51503	-0.194273 -0.0880378 1.49524
-0.194273 -0.0880378 1.49524	-0.223432 -0.313228 1.5947
-0.223432 -0.313228 1.5947	-0.268783 -0.461729 1.78806
-0.268783 -0.461729 1.78806	-0.325466 -0.497183 2.02704
-0.325466 -0.497183 2.02704	-0.384767 -0.410909 2.25225
-0.384767 -0.410909 2.25225	-0.436168 -0.22403 2.40782
-0.436168 -0.22403 2.40782	-0.470133 0.0176992 2.45508
-0.470133 0.0176992 2.45508	-0.480876 0.255095 2.38198
-0.480876 0.255095 2.38198	-0.468339 0.430035 2.20592
-0.468339 0.430035 2.20592	-0.438752 0.499687 1.96941
-0.438752 0.499687 1.96941	-0.403503 0.446998 1.72952
-0.403503 0.446998 1.72952	-0.376501 0.284869 1.54384
-0.376501 0.284869 1.54384	-0.370643 0.0529938 1.45639
-0.370643 0.0529938 1.45639	-0.394276 -0.191856 1.48689
-0.394276 -0.191856 1.48689	-0.448622 -0.389733 1.62603
-0.448622 -0.389733 1.62603	-0.52692 -0.49219 1.83793
-0.52692 -0.49219 1.83793	-0.615642 -0.474141 2.06907
-0.615642 -0.474141 2.06907	-0.697578 -0.340006 2.26146
-0.697578 -0.340006 2.26146	-0.756104 -0.122626 2.36689
-0.756104 -0.122626 2.36689	-0.779562 0.124777 2.35869
-0.779562 0.124777 2.35869	-0.764608 0.341631 2.23808
-0.764608 0.341631 2.23808	-0.717581 0.474841 2.03372
-0.717581 0.474841 2.03372	-0.653432 0.491794 1.79452
-0.653432 0.491794 1.79452	-0.592344 0.388338 1.57751
-0.592344 0.388338 1.57751	-0.554815 0.189804 1.43383
-0.554815 0.189804 1.43383	-0.556403 -0.0552011 1.39628
-0.556403 -0.0552011 1.39628	-0.603463 -0.286691 1.47142
-0.603463 -0.286691 1.47142	-0.691062 -0.447989 1.63815
-0.691062 -0.447989 1.63815	-0.80368 -0.499603 1.85314
-0.80368 -0.499603 1.85314	-0.918672 -0.428898 2.06157
-0.918672 -0.428898 2.06157	-1.01172 -0.253183 2.21065
-1.01172 -0.253183 2.21065	-1.06295 -0.01548 2.26251
-1.06295 -0.01548 2.26251	-1.06217 0.226013 2.20334
-1.06217 0.226013 2.20334	-1.01193 0.41217 2.04654
-1.01193 0.41217 2.04654	-0.92732 0.497413 1.82916
-0.92732 0.497413 1.82916	-0.832744 0.460873 1.60267
-0.832744 0.460873 1.60267	-0.756052 0.311494 1.42017
-0.756052 0.311494 1.42017	-0.721645 0.0858512 1.32347
-0.721645 0.0858512 1.32347	-0.744174 -0.160811 1.3329
-0.744174 -0.160811 1.3329	-0.824477 -0.368101 1.44264
-0.824477 -0.368101 1.44264	-0.948869 -0.485268 1.62242
-0.948869 -0.485268 1.62242	-1.09207 -0.483623 1.82515
-1.09207 -0.483623 1.82515	-1.22319 -0.363571 1.99865
-1.22319 -0.363571 1.99865	-1.3133 -0.154504 2.09845
-1.3133 -0.154504 2.09845	-1.34276 0.0923909 2.09857
-1.34276 0.0923909 2.09857	-1.30651 0.316665 1.99763
-1.30651 0.316665 1.99763	-1.21573 0.463409 1.81886
-1.21573 0.463409 1.81886	-1.0956 0.496694 1.60417
-1.0956 0.496694 1.60417	-0.979345 0.408371 1.40361
-0.979345 0.408371 1.40361	-0.900199 0.220065 1.26307
-0.900199 0.220065 1.26307	-0.88304 -0.0221213 1.21314
-0.88304 -0.0221213 1.21314	-0.937932 -0.258891 1.26184
-0.937932 -0.258891 1.26184	-1.0572 -0.432276 1.39298
-1.0572 -0.432276 1.39298	-1.21685 -0.499824 1.57047
-1.21685 -0.499824 1.57047	-1.38216 -0.444998 1.74744
-1.38216 -0.444998 1.74744	-1.51605 -0.281221 1.87782
-1.51605 -0.281221 1.87782	-1.5883 -0.048591 1.92756
-1.5883 -0.048591 1.92756	-1.58328 0.195936 1.88278
-1.58328 0.195936 1.88278	-1.50418 0.39249 1.75283
-1.50418 0.39249 1.75283	-1.37269 0.49295 1.56761
-1.37269 0.49295 1.56761	-1.22401 0.472718 1.36993
-1.22401 0.472718 1.36993	-1.0984 0.336748 1.20488
-1.0984 0.336748 1.20488	-1.03126 0.118331 1.10875
-1.03126 0.118331 1.10875	-1.04418 -0.129058 1.10037
-1.04418 -0.129058 1.10037	-1.1393 -0.344849 1.17681
-1.1393 -0.344849 1.17681	-1.29833 -0.476209 1.31452
-1.29833 -0.476209 1.31452	-1.48671 -0.490976 1.47543
-1.48671 -0.490976 1.47543	-1.66181 -0.385535 1.61655
-1.66181 -0.385535 1.61655	-1.78346 -0.185702 1.70051
-1.78346 -0.185702 1.70051	-1.8239 0.0595976 1.70457
-1.8239 0.0595976 1.70457	-1.77497 0.290306 1.6259
-1.77497 0.290306 1.6259	-1.6505 0.449937 1.4818
-1.6505 0.449937 1.4818	-1.48324 0.499408 1.30509
-1.48324 0.499408 1.30509	-1.31715 0.426606 1.13578
-1.31715 0.426606 1.13578	-1.19661 0.249357 1.01115
-1.19661 0.249357 1.01115	-1.15544 0.0110558 0.956725
-1.15544 0.0110558 0.956725	-1.20836 -0.229952 0.980337
-1.20836 -0.229952 0.980337	-1.34695 -0.414659 1.07062
-1.34695 -0.414659 1.07062	-1.54143 -0.497843 1.20025
-1.54143 -0.497843 1.20025	-1.74765 -0.459138 1.33297
-1.74765 -0.459138 1.33297	-1.91782 -0.30802 1.43266
-1.91782 -0.30802 1.43266	-2.01233 -0.081488 1.47213
-2.01233 -0.081488 1.47213	-2.00961 0.164995 1.43952
-2.00961 0.164995 1.43952	-1.91183 0.371082 1.34075
-1.91183 0.371082 1.34075	-1.74465 0.486315 1.19767
-1.74465 0.486315 1.19767	-1.55121 0.482481 1.0422
-1.55121 0.482481 1.0422	-1.38169 0.360519 0.908388
-1.38169 0.360519 0.908388	-1.28101 0.150289 0.823966
-1.28101 0.150289 0.823966	-1.27761 -0.0967367 0.803833
-1.27761 -0.0967367 0.803833	-1.37623 -0.320078 0.846791
-1.37623 -0.320078 0.846791	-1.55641 -0.465053 0.936333
-1.55641 -0.465053 0.936333	-1.77727 -0.496167 1.04514
-1.77727 -0.496167 1.04514	-1.98732 -0.405802 1.14207
-1.98732 -0.405802 1.14207	-2.1371 -0.216082 1.19988
-2.1371 -0.216082 1.19988	-2.19143 0.0265418 1.20172
-2.19143 0.0265418 1.20172	-2.13823 0.262667 1.14489
-2.13823 0.262667 1.14489	-1.99181 0.434483 1.04099
-1.99181 0.434483 1.04099	-1.78957 0.499922 0.912629
-1.78957 0.499922 0.912629	-1.58305 0.442962 0.78746
-1.58305 0.442962 0.78746	-1.42531 0.27755 0.691303
-1.42531 0.27755 0.691303	-1.35788 0.0441843 0.641906
-1.35788 0.0441843 0.641906	-1.40037 -0.2 0.644938
-1.40037 -0.2 0.644938	-1.54542 -0.395217 0.693097
-1.54542 -0.395217 0.693097	-1.76029 -0.493671 0.768412
-1.76029 -0.493671 0.768412	-1.99467 -0.471257 0.84708
-1.99467 -0.471257 0.84708	-2.19296 -0.333463 0.905514
-2.19296 -0.333463 0.905514	-2.30795 -0.114026 0.926091
-2.30795 -0.114026 0.926091	-2.31251 0.133329 0.901176
-2.31251 0.133329 0.901176	-2.20644 0.34804 0.834524
-2.20644 0.34804 0.834524	-2.01676 0.477539 0.739818
-2.01676 0.477539 0.739818	-1.79125 0.49012 0.636844
-1.79125 0.49012 0.636844	-1.5868 0.382702 0.546345
-1.5868 0.382702 0.546345	-1.45549 0.181586 0.484907
-1.45549 0.181586 0.484907	-1.43168 -0.0639893 0.461123
-1.43168 -0.0639893 0.461123	-1.52348 -0.293898 0.473928
-1.52348 -0.293898 0.473928	-1.71053 -0.451849 0.513411
-1.71053 -0.451849 0.513411	-1.94885 -0.499173 0.563761
-1.94885 -0.499173 0.563761	-2.18154 -0.424281 0.607501
-2.18154 -0.424281 0.607501	-2.35271 -0.245511 0.629886
-2.35271 -0.245511 0.629886	-2.42125 -0.00663084 0.622356
-2.42125 -0.00663084 0.622356	-2.37101 0.233873 0.584231
-2.37101 0.233873 0.584231	-2.21495 0.417116 0.522338
-2.21495 0.417116 0.522338	-1.99205 0.498235 0.448794
-1.99205 0.498235 0.448794	-1.75788 0.457368 0.377606
-1.75788 0.457368 0.377606	-1.57096 0.304522 0.321055
-1.57096 0.304522 0.321055	-1.47843 0.0771183 0.286773
-1.47843 0.0771183 0.286773	-1.50434 -0.169167 0.27622
-1.50434 -0.169167 0.27622	-1.64369 -0.374034 0.284846
-1.64369 -0.374034 0.284846	-1.86353 -0.487324 0.303782
-1.86353 -0.487324 0.303782	-2.11097 -0.481301 0.322482
-2.11097 -0.481301 0.322482	-2.32611 -0.357438 0.331579
-2.32611 -0.357438 0.331579	-2.45676 -0.146062 0.325171
-2.45676 -0.146062 0.325171	-2.4713 0.101075 0.301981
-2.4713 0.101075 0.301981	-2.36646 0.323465 0.265182
-2.36646 0.323465 0.265182	-2.16828 0.46666 0.221043
-2.16828 0.46666 0.221043	-1.92571 0.4956 0.176876
-1.92571 0.4956 0.176876	-1.69865 0.4032 0.138905
-1.69865 0.4032 0.138905	-1.54324 0.212083 0.110674
-1.54324 0.212083 0.110674	-1.49811 -0.0309602 0.0923896
-1.49811 -0.0309602 0.0923896	-1.5748 -0.266423 0.08132
-1.5748 -0.266423 0.08132	-1.7549 -0.436656 0.0730331
-1.7549 -0.436656 0.0730331	-1.99459 -0.49998 0.0630352
-1.99459 -0.49998 0.0630352	-2.2353 -0.440892 0.0482737
-2.2353 -0.440892 0.0482737	-2.41817 -0.273858 0.0280343
-2.41817 -0.273858 0.0280343	-2.49841 -0.0397743 0.00397911
-2.49841 -0.0397743 0.00397911	-2.45638 0.204048 -0.0206521
-2.45638 0.204048 -0.0206521	-2.30237 0.397912 -0.0423854
-2.30237 0.397912 -0.0423854	-2.07409 0.494353 -0.0589354
-2.07409 0.494353 -0.0589354	-1.8274 0.46976 -0.0702203
-1.8274 0.46976 -0.0702203	-1.6226 0.330153 -0.0786071
-1.6226 0.330153 -0.0786071	-1.50961 0.109713 -0.0882725
-1.50961 0.109713 -0.0882725	-1.51575 -0.137589 -0.10385
-1.51575 -0.137589 -0.10385	-1.63906 -0.351204 -0.128778
-1.63906 -0.351204 -0.128778	-1.84881 -0.478832 -0.163875
-1.84881 -0.478832 -0.163875	-2.09307 -0.489225 -0.20664
-2.09307 -0.489225 -0.20664	-2.3115 -0.379839 -0.25157
-2.3115 -0.379839 -0.25157	-2.45017 -0.177455 -0.291482
-2.45017 -0.177455 -0.291482	-2.47476 0.0683761 -0.319535
-2.47476 0.0683761 -0.319535	-2.37892 0.297466 -0.331379
-2.37892 0.297466 -0.331379	-2.18578 0.453727 -0.326789
-2.18578 0.453727 -0.326789	-1.94221 0.498899 -0.310259
-1.94221 0.498899 -0.310259	-1.70721 0.421923 -0.290256
-1.70721 0.421923 -0.290256	-1.53747 0.241646 -0.277244
-1.53747 0.241646 -0.277244	-1.47346 0.00220531 -0.280943
-1.47346 0.00220531 -0.280943	-1.52955 -0.237775 -0.307519
-1.52955 -0.237775 -0.307519	-1.6906 -0.41954 -0.357526
-1.6906 -0.41954 -0.357526	-1.91581 -0.498587 -0.42521
-1.91581 -0.498587 -0.42521	-2.14877 -0.455562 -0.499512
-2.14877 -0.455562 -0.499512	-2.33139 -0.301 -0.566595
-2.33139 -0.301 -0.566595	-2.41811 -0.0727426 -0.613343
-2.41811 -0.0727426 -0.613343	-2.38702 0.173325 -0.63093
-2.38702 0.173325 -0.63093	-2.24511 0.376956 -0.617506
-2.24511 0.376956 -0.617506	-2.0264 0.488295 -0.579207
-2.0264 0.488295 -0.579207	-1.78345 0.480083 -0.529113
-1.78345 0.480083 -0.529113	-1.57443 0.35433 -0.484281
-1.57443 0.35433 -0.484281	-1.44879 0.141824 -0.461546
-1.44879 0.141824 -0.461546	-1.43527 -0.105405 -0.473099
-1.43527 -0.105405 -0.473099	-1.53494 -0.326828 -0.523025
-1.53494 -0.326828 -0.523025	-1.72113 -0.468231 -0.605745
-1.72113 -0.468231 -0.605745	-1.94616 -0.494995 -0.706894
-1.94616 -0.494995 -0.706894	-2.15314 -0.400567 -0.806536
-2.15314 -0.400567 -0.806536	-2.28995 -0.208067 -0.883994
-2.28995 -0.208067 -0.883994	-2.32197 0.0353761 -0.923139
-2.32197 0.0353761 -0.923139	-2.24042 0.270157 -0.916767
-2.24042 0.270157 -0.916767	-2.06429 0.438795 -0.868896
-2.06429 0.438795 -0.868896	-1.8355 0.5 -0.794293
-1.8355 0.5 -0.794293	-1.60843 0.438788 -0.715212
-1.60843 0.438788 -0.715212	-1.43654 0.270145 -0.65606
-1.43654 0.270145 -0.65606	-1.35928 0.0353611 -0.637278
-1.35928 0.0353611 -0.637278	-1.39258 -0.20808 -0.669959
-1.39258 -0.20808 -0.669959	-1.52518 -0.400576 -0.752625
-1.52518 -0.400576 -0.752625	-1.72162 -0.494997 -0.871079
-1.72162 -0.494997 -0.871079	-1.93117 -0.468226 -1.00148
-1.93117 -0.468226 -1.00148	-2.10033 -0.326816 -1.116
-2.10033 -0.326816 -1.116	-2.186 -0.105391 -1.1897
-2.186 -0.105391 -1.1897	-2.16586 0.141838 -1.20697
-2.16586 0.141838 -1.20697	-2.04363 0.35434 -1.16579
-2.04363 0.35434 -1.16579	-1.84787 0.480087 -1.07875
-1.84787 0.480087 -1.07875	-1.6247 0.488292 -0.970381
-1.6247 0.488292 -0.970381	-1.42639 0.376946 -0.871402
-1.42639 0.376946 -0.871402	-1.29844 0.173311 -0.811178
-1.29844 0.173311 -0.811178	-1.26862 -0.0727575 -0.810301
-1.26862 -0.0727575 -0.810301	-1.34037 -0.301012 -0.875122
-1.34037 -0.301012 -0.875122	-1.49225 -0.455568 -0.995707
-1.49225 -0.455568 -0.995707	-1.68352 -0.498586 -1.14783
-1.68352 -0.498586 -1.14783	-1.86432 -0.419532 -1.2986
-1.86432 -0.419532 -1.2986	-1.988 -0.237762 -1.41448
-1.988 -0.237762 -1.41448	-2.02241 0.00222039 -1.46964
-2.02241 0.00222039 -1.46964	-1.9576 0.241659 -1.45268
-1.9576 0.241659 -1.45268	-1.80793 0.421931 -1.36985
-1.80793 0.421931 -1.36985	-1.60816 0.4989 -1.244
-1.60816 0.4989 -1.244	-1.40474 0.45372 -1.10927
-1.40474 0.45372 -1.10927	-1.24424 0.297454 -1.0029
-1.24424 0.297454 -1.0029	-1.16201 0.0683611 -0.955945
-1.16201 0.0683611 -0.955945	-1.17373 -0.177469 -0.985431
-1.17373 -0.177469 -0.985431	-1.27189 -0.379849 -1.08971
-1.27189 -0.379849 -1.08971	-1.428 -0.489228 -1.24843
-1.428 -0.489228 -1.24843	-1.5999 -0.478828 -1.42719
-1.5999 -0.478828 -1.42719	-1.74228 -0.351193 -1.58578
-1.74228 -0.351193 -1.58578	-1.81779 -0.137574 -1.68805
-1.81779 -0.137574 -1.68805	-1.80598 0.109727 -1.71103
-1.80598 0.109727 -1.71103	-1.70802 0.330164 -1.65094
-1.70802 0.330164 -1.65094	-1.54599 0.469765 -1.52452
-1.54599 0.469765 -1.52452	-1.35712 0.494351 -1.36531
-1.35712 0.494351 -1.36531	-1.1844 0.397903 -1.21563
-1.1844 0.397903 -1.21563	-1.06604 0.204034 -1.11626
-1.06604 0.204034 -1.11626	-1.02616 -0.0397893 -1.09625
-1.02616 -0.0397893 -1.09625	-1.06929 -0.273871 -1.16547
-1.06929 -0.273871 -1.16547	-1.17962 -0.440899 -1.31181
-1.17962 -0.440899 -1.31181	-1.32529 -0.49998 -1.50378
-1.32529 -0.49998 -1.50378	-1.46651 -0.436649 -1.69796
-1.46651 -0.436649 -1.69796	-1.56544 -0.26641 -1.84957
-1.56544 -0.26641 -1.84957	-1.59533 -0.0309451 -1.92357
-1.59533 -0.0309451 -1.92357	-1.54685 0.212096 -1.90353
-1.54685 0.212096 -1.90353	-1.42988 0.403209 -1.79599
-1.42988 0.403209 -1.79599	-1.2707 0.495602 -1.62923
-1.2707 0.495602 -1.62923	-1.10518 0.466655 -1.44661
-1.10518 0.466655 -1.44661	-0.969789 0.323454 -1.29605
-0.969789 0.323454 -1.29605	-0.89271 0.10106 -1.21825
-0.89271 0.10106 -1.21825	-0.887184 -0.146077 -1.23646
-0.887184 -0.146077 -1.23646	-0.948681 -0.357449 -1.35047
-0.948681 -0.357449 -1.35047	-1.05648 -0.481305 -1.53636
-1.05648 -0.481305 -1.53636	-1.17916 -0.487321 -1.75204
-1.17916 -0.487321 -1.75204	-1.28255 -0.374024 -1.94742
-1.28255 -0.374024 -1.94742	-1.33814 -0.169153 -2.07674
-1.33814 -0.169153 -2.07674	-1.32983 0.0771332 -2.1099
-1.32983 0.0771332 -2.1099	-1.25753 0.304534 -2.04013
-1.25753 0.304534 -2.04013	-1.13664 0.457374 -1.88597
-1.13664 0.457374 -1.88597	-0.99387 0.498233 -1.68701
-0.99387 0.498233 -1.68701	-0.860333 0.417108 -1.49431
-0.860333 0.417108 -1.49431	-0.763856 0.233859 -1.35797
-0.763856 0.233859 -1.35797	-0.722302 -0.00664591 -1.31469
-0.722302 -0.00664591 -1.31469	-0.739559 -0.245524 -1.37859
-0.739559 -0.245524 -1.37859	-0.805077 -0.424289 -1.53743
-0.805077 -0.424289 -1.53743	-0.896954 -0.499174 -1.75538
-0.896954 -0.499174 -1.75538	-0.987681 -0.451843 -1.98159
-0.987681 -0.451843 -1.98159	-1.05105 -0.293885 -2.16263
-1.05105 -0.293885 -2.16263	-1.06849 -0.0639744 -2.25561
-1.06849 -0.0639744 -2.25561	-1.03329 0.1816 -2.23892
-1.03329 0.1816 -2.23892	-0.951785 0.382712 -2.11771
-0.951785 0.382712 -2.11771	-0.841234 0.490123 -1.92293
-0.841234 0.490123 -1.92293	-0.725201 0.477535 -1.7039
-0.725201 0.477535 -1.7039	-0.627516 0.348029 -1.51629
-0.627516 0.348029 -1.51629	-0.566461 0.133314 -1.40846
-0.566461 0.133314 -1.40846	-0.550558 -0.114041 -1.40947
-0.550558 -0.114041 -1.40947	-0.576945 -0.333475 -1.52175
-0.576945 -0.333475 -1.52175	-0.63262 -0.471262 -1.7203
-0.63262 -0.471262 -1.7203	-0.698107 -0.493668 -1.95863
-0.698107 -0.493668 -1.95863	-0.752546 -0.395207 -2.18005
-0.752546 -0.395207 -2.18005	-0.77886 -0.199986 -2.33162
-0.77886 -0.199986 -2.33162	-0.767731 0.0441994 -2.37714
-0.767731 0.0441994 -2.37714	-0.719454 0.277563 -2.30627
-0.719454 0.277563 -2.30627	-0.643325 0.442969 -2.13717
-0.643325 0.442969 -2.13717	-0.554833 0.499922 -1.91228
-0.554833 0.499922 -1.91228	-0.471494 0.434475 -1.68794
-0.471494 0.434475 -1.68794	-0.408419 0.262655 -1.52065
-0.408419 0.262655 -1.52065	-0.374753 0.0265267 -1.45316
-0.374753 0.0265267 -1.45316	-0.371821 -0.216096 -1.50382
-0.371821 -0.216096 -1.50382	-0.393336 -0.40581 -1.662
-0.393336 -0.40581 -1.662	-0.427495 -0.496169 -1.89049
-0.427495 -0.496169 -1.89049	-0.460306 -0.465047 -2.13459
-0.460306 -0.465047 -2.13459	-0.479235 -0.320066 -2.33547
-0.479235 -0.320066 -2.33547	-0.476205 -0.0967219 -2.44461
-0.476205 -0.0967219 -2.44461	-0.449254 0.150303 -2.43579
-0.449254 0.150303 -2.43579	-0.402499 0.360529 -2.31166
-0.402499 0.360529 -2.31166	-0.344561 0.482485 -2.10314
-0.344561 0.482485 -2.10314	-0.285961 0.486312 -1.86197
-0.285961 0.486312 -1.86197	-0.23626 0.371072 -1.64803
-0.23626 0.371072 -1.64803	-0.2017 0.164981 -1.51463
-0.2017 0.164981 -1.51463	-0.183942 -0.0815028 -1.49542
-0.183942 -0.0815028 -1.49542	-0.180134 -0.308032 -1.59602
-0.180134 -0.308032 -1.59602	-0.184187 -0.459144 -1.79261
-0.184187 -0.459144 -1.79261	-0.188796 -0.497842 -2.03768
-0.188796 -0.497842 -2.03768	-0.187585 -0.414651 -2.27167
-0.187585 -0.414651 -2.27167	-0.176764 -0.229938 -2.43759
-0.176764 -0.229938 -2.43759	-0.155864 0.0110709 -2.49501
-0.155864 0.0110709 -2.49501	-0.127424 0.24937 -2.43004
-0.127424 0.24937 -2.43004	-0.095803 0.426614 -2.25874
-0.095803 0.426614 -2.25874	-0.0655541 0.499408 -2.02326
-0.0655541 0.499408 -2.02326	-0.0398918 0.44993 -1.78146
-0.0398918 0.44993 -1.78146	-0.0197339 0.290293 -1.59278
-0.0197339 0.290293 -1.59278	-0.00359198 0.0595826 -1.50356
-0.00359198 0.0595826 -1.50356	0.0116887 -0.185716 -1.53573
0.0116887 -0.185716 -1.53573	0.0296138 -0.385545 -1.68138
0.0296138 -0.385545 -1.68138	0.0526047 -0.490979 -1.90472
0.0526047 -0.490979 -1.90472	0.0809353 -0.476204 -2.15089
0.0809353 -0.476204 -2.15089	0.112418 -0.344838 -2.35938
0.112418 -0.344838 -2.35938	0.142973 -0.129044 -2.47894
0.142973 -0.129044 -2.47894	0.167939 0.118345 -2.48011
0.167939 0.118345 -2.48011	0.183721 0.336759 -2.36245
0.183721 0.336759 -2.36245	0.189251 0.472723 -2.1546
0.189251 0.472723 -2.1546	0.186757 0.492947 -1.90719
0.186757 0.492947 -1.90719	0.181536 0.392481 -1.68045
0.181536 0.392481 -1.68045	0.180702 0.195922 -1.52935
0.180702 0.195922 -1.52935	0.191199 -0.048606 -1.49015
0.191199 -0.048606 -1.49015	0.217644 -0.281233 -1.57159
0.217644 -0.281233 -1.57159	0.260622 -0.445005 -1.75276
0.260622 -0.445005 -1.75276	0.316003 -0.499824 -1.98833
0.316003 -0.499824 -1.98833	0.375576 -0.432268 -2.21974
0.375576 -0.432268 -2.21974	0.428934 -0.258878 -2.38957
0.428934 -0.258878 -2.38957	0.46619 -0.0221063 -2.45565
0.46619 -0.0221063 -2.45565	0.480798 0.220078 -2.4013
0.480798 0.220078 -2.4013	0.47171 0.40838 -2.23935
0.47171 0.40838 -2.23935	0.444184 0.496696 -2.00886
0.444184 0.496696 -2.00886	0.408931 0.463404 -1.76549
0.408931 0.463404 -1.76549	0.379682 0.316654 -1.56773
0.379682 0.316654 -1.56773	0.369742 0.0923761 -1.4626
0.369742 0.0923761 -1.4626	0.388392 -0.154519 -1.47417
0.388392 -0.154519 -1.47417	0.438096 -0.363582 -1.5978
0.438096 -0.363582 -1.5978	0.513339 -0.483627 -1.80138
0.513339 -0.483627 -1.80138	0.601504 -0.485264 -2.03339
0.601504 -0.485264 -2.03339	0.685703 -0.368091 -2.2356
0.685703 -0.368091 -2.2356	0.748914 -0.160797 -2.35733
0.748914 -0.160797 -2.35733	0.778425 0.0858661 -2.3679
0.778425 0.0858661 -2.3679	0.769415 0.311506 -2.26393
0.769415 0.311506 -2.26393	0.726689 0.460879 -2.07004
0.726689 0.460879 -2.07004	0.663998 0.497412 -1.83261
0.663998 0.497412 -1.83261	0.600993 0.412161 -1.60832
0.600993 0.412161 -1.60832	0.558484 0.225999 -1.45017
0.558484 0.225999 -1.45017	0.55314 -0.015495 -1.39455
0.55314 -0.015495 -1.39455	0.59299 -0.253196 -1.45246
0.59299 -0.253196 -1.45246	0.674926 -0.428905 -1.60704
0.674926 -0.428905 -1.60704	0.784948 -0.499604 -1.81788
0.784948 -0.499604 -1.81788	0.90122 -0.447982 -2.0311
0.90122 -0.447982 -2.0311	0.999278 -0.286679 -2.19269
0.999278 -0.286679 -2.19269	1.05815 -0.0551861 -2.26165
1.05815 -0.0551861 -2.26165	1.06583 0.189818 -2.21996
1.06583 0.189818 -2.21996	1.02275 0.388348 -2.07676
1.02275 0.388348 -2.07676	0.942168 0.491797 -1.86581
0.942168 0.491797 -1.86581	0.847325 0.474836 -1.6371
0.847325 0.474836 -1.6371	0.765979 0.34162 -1.44436
0.765979 0.34162 -1.44436	0.723541 0.124763 -1.33199
0.723541 0.124763 -1.33199	0.736561 -0.122641 -1.32421
0.736561 -0.122641 -1.32421	0.80822 -0.340017 -1.41944
0.80822 -0.340017 -1.41944	0.927041 -0.474146 -1.59091
0.927041 -0.474146 -1.59091	1.06926 -0.492187 -1.79349
1.06926 -0.492187 -1.79349	1.20438 -0.389724 -1.97497
1.20438 -0.389724 -1.97497	1.30265 -0.191842 -2.08883
1.30265 -0.191842 -2.08883	1.34253 0.0530087 -2.10559
1.34253 0.0530087 -2.10559	1.31641 0.284881 -2.01978
1.31641 0.284881 -2.01978	1.23294 0.447005 -1.85098
1.23294 0.447005 -1.85098	1.11538 0.499686 -1.63873
1.11538 0.499686 -1.63873	0.996176 0.430027 -1.43259
0.996176 0.430027 -1.43259	0.909148 0.255082 -1.27993
0.909148 0.255082 -1.27993	0.881003 0.0176841 -1.2144
0.881003 0.0176841 -1.2144	0.924469 -0.224044 -1.24787
0.924469 -0.224044 -1.24787	1.03471 -0.410918 -1.36787
1.03471 -0.410918 -1.36787	1.19007 -0.497185 -1.54097
1.19007 -0.497185 -1.54097	1.35701 -0.461723 -1.72128
1.35701 -0.461723 -1.72128	1.49821 -0.313216 -1.86178
1.49821 -0.313216 -1.86178	1.58178 -0.088023 -1.92588
1.58178 -0.088023 -1.92588	1.58936 0.158721 -1.89613
1.58936 0.158721 -1.89613	1.52105 0.366605 -1.77821
1.52105 0.366605 -1.77821	1.39581 0.484732 -1.59914
1.39581 0.484732 -1.59914	1.24718 0.484178 -1.40035
1.24718 0.484178 -1.40035	1.11529 0.365082 -1.22732
1.11529 0.365082 -1.22732	1.03694 0.1566 -1.11842
1.03694 0.1566 -1.11842	1.03642 -0.0902226 -1.09568
1.03642 -0.0902226 -1.09568	1.11917 -0.314956 -1.15971
1.11917 -0.314956 -1.15971	1.27 -0.462577 -1.28994
1.27 -0.462577 -1.28994	1.45646 -0.496943 -1.45003
1.45646 -0.496943 -1.45003	1.63657 -0.40964 -1.59707
1.63657 -0.40964 -1.59707	1.76901 -0.222043 -1.69212
1.76901 -0.222043 -1.69212	1.8235 0.019918 -1.70964
1.8235 0.019918 -1.70964	1.78844 0.257002 -1.64348
1.78844 0.257002 -1.64348	1.67421 0.431163 -1.50792
1.67421 0.431163 -1.50792	1.511 0.499761 -1.33379
1.511 0.499761 -1.33379	1.34163 0.445999 -1.16062
1.34163 0.445999 -1.16062	1.21117 0.283041 -1.02677
1.21117 0.283041 -1.02677	1.15581 0.0507854 -0.960138
1.15581 0.0507854 -0.960138	1.1937 -0.193905 -0.971602
1.1937 -0.193905 -0.971602	1.32015 -0.39112 -1.05275
1.32015 -0.39112 -1.05275	1.50842 -0.492576 -1.17841
1.50842 -0.492576 -1.17841	1.71602 -0.473432 -1.31317
1.71602 -0.473432 -1.31317	1.89493 -0.338375 -1.42027
1.89493 -0.338375 -1.42027	2.00349 -0.120472 -1.47057
2.00349 -0.120472 -1.47057	2.01676 0.126926 -1.4495
2.01676 0.126926 -1.4495	1.93297 0.343249 -1.36017
1.93297 0.343249 -1.36017	1.7743 0.475532 -1.22218
1.7743 0.475532 -1.22218	1.58172 0.491388 -1.06636
1.58172 0.491388 -1.06636	1.4051 0.386936 -0.926985
1.4051 0.386936 -0.926985	1.29101 0.187748 -0.833309
1.29101 0.187748 -0.833309	1.27113 -0.0574074 -0.802589
1.27113 -0.0574074 -0.802589	1.35425 -0.288507 -0.836244
1.35425 -0.288507 -0.836244	1.52375 -0.44897 -0.919991
1.52375 -0.44897 -0.919991	1.74144 -0.49951 -1.02781
1.74144 -0.49951 -1.02781	1.95673 -0.427752 -1.12864
1.95673 -0.427752 -1.12864	2.11897 -0.251266 -1.19414
2.11897 -0.251266 -1.19414	2.18997 -0.0132605 -1.20546
2.18997 -0.0132605 -1.20546	2.15362 0.227991 -1.15754
2.15362 0.227991 -1.15754	2.02006 0.413423 -1.05986
2.02006 0.413423 -1.05986	1.82349 0.497634 -0.933588
1.82349 0.497634 -0.933588	1.61397 0.460007 -0.806053
1.61397 0.460007 -0.806053	1.44524 0.309754 -0.703816
1.44524 0.309754 -0.703816	1.36145 0.083663 -0.646252
1.36145 0.083663 -0.646252	1.38621 -0.162912 -0.641099
1.38621 -0.162912 -0.641099	1.51653 -0.3696 -0.683045
1.51653 -0.3696 -0.683045	1.72333 -0.485798 -0.755547
1.72333 -0.485798 -0.755547	1.95835 -0.483055 -0.835339
1.95835 -0.483055 -0.835339	2.16593 -0.362043 -0.89839
2.16593 -0.362043 -0.89839	2.29663 -0.152391 -0.925798
2.29663 -0.152391 -0.925798	2.31952 0.0945721 -0.908168
2.31952 0.0945721 -0.908168	2.22992 0.318381 -0.847468
2.22992 0.318381 -0.847468	2.05078 0.464238 -0.756006
2.05078 0.464238 -0.756006	1.82725 0.496435 -0.65292
1.82725 0.496435 -0.65292	1.61566 0.407086 -0.559162
1.61566 0.407086 -0.559162	1.46981 0.218069 -0.492281
1.46981 0.218069 -0.492281	1.4276 -0.0243393 -0.462318
1.4276 -0.0243393 -0.462318	1.50164 -0.260788 -0.469756
1.50164 -0.260788 -0.469756	1.67595 -0.433387 -0.505943
1.67595 -0.433387 -0.505943	1.90973 -0.499878 -0.555744
1.90973 -0.499878 -0.555744	2.14726 -0.443981 -0.601643
2.14726 -0.443981 -0.601643	2.33152 -0.279382 -0.628193
2.33152 -0.279382 -0.628193	2.41821 -0.0463806 -0.625682
2.41821 -0.0463806 -0.625682	2.38678 0.197976 -0.592149
2.38678 0.197976 -0.592149	2.24555 0.393862 -0.533331
2.24555 0.393862 -0.533331	2.02985 0.493316 -0.460709
2.02985 0.493316 -0.460709	1.79346 0.47199 -0.388238
1.79346 0.47199 -0.388238	1.5954 0.335103 -0.328699
1.5954 0.335103 -0.328699	1.48553 0.116172 -0.290606
1.48553 0.116172 -0.290606	1.49213 -0.131202 -0.276435
1.49213 -0.131202 -0.276435	1.61496 -0.346453 -0.282518
1.61496 -0.346453 -0.282518	1.82514 -0.476881 -0.300509
1.82514 -0.476881 -0.300509	2.07219 -0.490551 -0.319936
2.07219 -0.490551 -0.319936	2.29634 -0.384118 -0.331068
2.29634 -0.384118 -0.331068	2.44323 -0.183639 -0.327339
2.44323 -0.183639 -0.327339	2.47725 0.0618015 -0.306714
2.47725 0.0618015 -0.306714	2.3904 0.292111 -0.27172
2.3904 0.292111 -0.27172	2.20429 0.450901 -0.228261
2.20429 0.450901 -0.228261	1.96489 0.499295 -0.183631
1.96489 0.499295 -0.183631	1.73132 0.425444 -0.144353
1.73132 0.425444 -0.144353	1.56132 0.24743 -0.11447
1.56132 0.24743 -0.11447	1.49708 0.00883589 -0.0947198
1.49708 0.00883589 -0.0947198	1.55484 -0.231921 -0.0827727
1.55484 -0.231921 -0.0827727	1.72085 -0.415896 -0.0743617
1.72085 -0.415896 -0.0743617	1.95475 -0.498045 -0.0648927
1.95475 -0.498045 -0.0648927	2.19942 -0.458255 -0.0510033
2.19942 -0.458255 -0.0510033	2.39501 -0.306268 -0.0315808
2.39501 -0.306268 -0.0315808	2.49366 -0.0792965 -0.0079431
2.49366 -0.0792965 -0.0079431	2.4712 0.16709 0.0168407
2.4712 0.16709 0.0168407	2.33313 0.372567 0.0392345
2.33313 0.372567 0.0392345	2.11326 0.486826 0.05668
2.11326 0.486826 0.05668	1.8654 0.481894 0.0687051
1.8654 0.481894 0.0687051	1.65014 0.358977 0.0773075
1.65014 0.358977 0.0773075	1.52 0.14817 0.0864515
1.52 0.14817 0.0864515	1.50651 -0.0989142 0.100807
1.50651 -0.0989142 0.100807	1.61253 -0.321781 0.12411
1.61253 -0.321781 0.12411	1.81157 -0.465864 0.157667
1.81157 -0.465864 0.157667	2.05433 -0.495887 0.199513
2.05433 -0.495887 0.199513	2.28083 -0.404501 0.244557
2.28083 -0.404501 0.244557	2.43514 -0.214078 0.285761
2.43514 -0.214078 0.285761	2.4791 0.0287588 0.316083
2.4791 0.0287588 0.316083	2.40162 0.264554 0.330643
2.40162 0.264554 0.330643	2.22135 0.435577 0.32849
2.22135 0.435577 0.32849	1.982 0.499956 0.31338
1.982 0.499956 0.31338	1.7416 0.441928 0.29325
1.7416 0.441928 0.29325	1.5582 0.275701 0.27842
1.5582 0.275701 0.27842	1.47564 0.0419722 0.278923
1.47564 0.0419722 0.278923	1.51285 -0.202033 0.301657
1.51285 -0.202033 0.301657	1.65935 -0.396573 0.348157
1.65935 -0.396573 0.348157	1.87787 -0.494018 0.413652